# ch_sid.txt - serviceId → ニコニコ実況チャンネル対応表
# 出典: NicoJK (https://github.com/xtne6f/NicoJK) jkch.sh.txt
# 参考: ARIB TR-B14 第七編
# 形式: jknum (予約) serviceId (予約) tvname
#
# getJKNum() が serviceId をキーとして jknum と tvname を検索する
1	0	1024	0	ＮＨＫ総合（関東広域）
2	0	1032	0	ＮＨＫ教育（関東広域）
4	0	1040	0	日本テレビ放送網（関東広域）
6	0	1048	0	ＴＢＳテレビ（関東広域）
8	0	1056	0	フジテレビジョン（関東広域）
5	0	1064	0	テレビ朝日（関東広域）
7	0	1072	0	テレビ東京（関東広域）
231	0	1088	0	放送大学学園（関東広域）
2	0	2056	0	ＮＨＫ教育（近畿広域）
6	0	2064	0	毎日放送（近畿広域）
5	0	2072	0	朝日放送（近畿広域）
8	0	2080	0	関西テレビ放送（近畿広域）
4	0	2088	0	讀賣テレビ放送（近畿広域）
2	0	3080	0	ＮＨＫ教育（中京広域）
8	0	3088	0	東海テレビ放送（中京広域）
6	0	3096	0	中部日本放送（中京広域）
5	0	3104	0	名古屋テレビ放送（中京広域）
4	0	3112	0	中京テレビ放送（中京広域）
6	0	4112	0	北海道放送（北海道域）
4	0	4120	0	札幌テレビ放送（北海道域）
5	0	4128	0	北海道テレビ放送（北海道域）
8	0	4136	0	北海道文化放送（北海道域）
7	0	4144	0	テレビ北海道（北海道域）
4	0	5136	0	西日本放送（岡山香川）
5	0	5144	0	瀬戸内海放送（岡山香川）
6	0	5152	0	山陽放送（岡山香川）
7	0	5160	0	テレビせとうち（岡山香川）
8	0	5168	0	岡山放送（岡山香川）
8	0	6160	0	山陰中央テレビジョン放送（島根鳥取）
6	0	6168	0	山陰放送（島根鳥取）
4	0	6176	0	日本海テレビジョン放送（島根鳥取）
1	0	10240	0	ＮＨＫ総合（北海道（札幌））
2	0	10248	0	ＮＨＫ教育（北海道（札幌））
6	0	10256	0	北海道放送（北海道（札幌））
4	0	10264	0	札幌テレビ放送（北海道（札幌））
5	0	10272	0	北海道テレビ放送（北海道（札幌））
8	0	10280	0	北海道文化放送（北海道（札幌））
7	0	10288	0	テレビ北海道（北海道（札幌））
1	0	11264	0	ＮＨＫ総合（北海道（函館））
2	0	11272	0	ＮＨＫ教育（北海道（函館））
6	0	11280	0	北海道放送（北海道（函館））
4	0	11288	0	札幌テレビ放送（北海道（函館））
5	0	11296	0	北海道テレビ放送（北海道（函館））
8	0	11304	0	北海道文化放送（北海道（函館））
7	0	11312	0	テレビ北海道（北海道（函館））
1	0	12288	0	ＮＨＫ総合（北海道（旭川））
2	0	12296	0	ＮＨＫ教育（北海道（旭川））
6	0	12304	0	北海道放送（北海道（旭川））
4	0	12312	0	札幌テレビ放送（北海道（旭川））
5	0	12320	0	北海道テレビ放送（北海道（旭川））
8	0	12328	0	北海道文化放送（北海道（旭川））
7	0	12336	0	テレビ北海道（北海道（旭川））
1	0	13312	0	ＮＨＫ総合（北海道（帯広））
2	0	13320	0	ＮＨＫ教育（北海道（帯広））
6	0	13328	0	北海道放送（北海道（帯広））
4	0	13336	0	札幌テレビ放送（北海道（帯広））
5	0	13344	0	北海道テレビ放送（北海道（帯広））
8	0	13352	0	北海道文化放送（北海道（帯広））
7	0	13360	0	テレビ北海道（北海道（帯広））
1	0	14336	0	ＮＨＫ総合（北海道（釧路））
2	0	14344	0	ＮＨＫ教育（北海道（釧路））
6	0	14352	0	北海道放送（北海道（釧路））
4	0	14360	0	札幌テレビ放送（北海道（釧路））
5	0	14368	0	北海道テレビ放送（北海道（釧路））
8	0	14376	0	北海道文化放送（北海道（釧路））
7	0	14384	0	テレビ北海道（北海道（釧路））
1	0	15360	0	ＮＨＫ総合（北海道（北見））
2	0	15368	0	ＮＨＫ教育（北海道（北見））
6	0	15376	0	北海道放送（北海道（北見））
4	0	15384	0	札幌テレビ放送（北海道（北見））
5	0	15392	0	北海道テレビ放送（北海道（北見））
8	0	15400	0	北海道文化放送（北海道（北見））
7	0	15408	0	テレビ北海道（北海道（北見））
1	0	16384	0	ＮＨＫ総合（北海道（室蘭））
2	0	16392	0	ＮＨＫ教育（北海道（室蘭））
6	0	16400	0	北海道放送（北海道（室蘭））
4	0	16408	0	札幌テレビ放送（北海道（室蘭））
5	0	16416	0	北海道テレビ放送（北海道（室蘭））
8	0	16424	0	北海道文化放送（北海道（室蘭））
7	0	16432	0	テレビ北海道（北海道（室蘭））
1	0	17408	0	ＮＨＫ総合（宮城）
2	0	17416	0	ＮＨＫ教育（宮城）
6	0	17424	0	東北放送（宮城）
8	0	17432	0	仙台放送（宮城）
4	0	17440	0	宮城テレビ放送（宮城）
5	0	17448	0	東日本放送（宮城）
1	0	18432	0	ＮＨＫ総合（秋田）
2	0	18440	0	ＮＨＫ教育（秋田）
4	0	18448	0	秋田放送（秋田）
8	0	18456	0	秋田テレビ（秋田）
5	0	18464	0	秋田朝日放送（秋田）
1	0	19456	0	ＮＨＫ総合（山形）
2	0	19464	0	ＮＨＫ教育（山形）
4	0	19472	0	山形放送（山形）
5	0	19480	0	山形テレビ（山形）
6	0	19488	0	テレビユー山形（山形）
8	0	19496	0	さくらんぼﾃﾚﾋﾞｼﾞｮﾝ（山形）
1	0	20480	0	ＮＨＫ総合（岩手）
2	0	20488	0	ＮＨＫ教育（岩手）
6	0	20496	0	アイビーシー岩手放送（岩手）
4	0	20504	0	テレビ岩手（岩手）
8	0	20512	0	岩手めんこいテレビ（岩手）
5	0	20520	0	岩手朝日テレビ（岩手）
1	0	21504	0	ＮＨＫ総合（福島）
2	0	21512	0	ＮＨＫ教育（福島）
8	0	21520	0	福島テレビ（福島）
4	0	21528	0	福島中央テレビ（福島）
5	0	21536	0	福島放送（福島）
6	0	21544	0	テレビユー福島（福島）
1	0	22528	0	ＮＨＫ総合（青森）
2	0	22536	0	ＮＨＫ教育（青森）
4	0	22544	0	青森放送（青森）
6	0	22552	0	青森テレビ（青森）
5	0	22560	0	青森朝日放送（青森）
9	0	23608	0	東京メトロポリタンテレビジョン（東京）
11	0	24632	0	テレビ神奈川（神奈川）
1	0	25600	0	ＮＨＫ総合（群馬）
1	0	26624	0	ＮＨＫ総合（茨城）
12	0	27704	0	千葉テレビ放送（千葉）
1	0	28672	0	ＮＨＫ総合（栃木）
10	0	29752	0	テレビ埼玉（埼玉）
1	0	30720	0	ＮＨＫ総合（長野）
2	0	30728	0	ＮＨＫ教育（長野）
4	0	30736	0	テレビ信州（長野）
5	0	30744	0	長野朝日放送（長野）
6	0	30752	0	信越放送（長野）
8	0	30760	0	長野放送（長野）
1	0	31744	0	ＮＨＫ総合（新潟）
2	0	31752	0	ＮＨＫ教育（新潟）
6	0	31760	0	新潟放送（新潟）
8	0	31768	0	新潟総合テレビ（新潟）
4	0	31776	0	テレビ新潟放送網（新潟）
5	0	31784	0	新潟テレビ21（新潟）
1	0	32768	0	ＮＨＫ総合（山梨）
2	0	32776	0	ＮＨＫ教育（山梨）
4	0	32784	0	山梨放送（山梨）
6	0	32792	0	テレビ山梨（山梨）
1	0	33792	0	ＮＨＫ総合（愛知）
7	0	33840	0	テレビ愛知（愛知）
1	0	34816	0	ＮＨＫ総合（石川）
2	0	34824	0	ＮＨＫ教育（石川）
4	0	34832	0	テレビ金沢（石川）
5	0	34840	0	北陸朝日放送（石川）
6	0	34848	0	北陸放送（石川）
8	0	34856	0	石川テレビ放送（石川）
1	0	35840	0	ＮＨＫ総合（静岡）
2	0	35848	0	ＮＨＫ教育（静岡）
6	0	35856	0	静岡放送（静岡）
8	0	35864	0	テレビ静岡（静岡）
4	0	35872	0	静岡第一テレビ（静岡）
5	0	35880	0	静岡朝日テレビ（静岡）
1	0	36864	0	ＮＨＫ総合（福井）
2	0	36872	0	ＮＨＫ教育（福井）
4	0	36880	0	福井放送（福井）
8	0	36888	0	福井テレビジョン放送（福井）
1	0	37888	0	ＮＨＫ総合（富山）
2	0	37896	0	ＮＨＫ教育（富山）
4	0	37904	0	北日本放送（富山）
8	0	37912	0	富山テレビ放送（富山）
6	0	37920	0	チューリップテレビ（富山）
1	0	38912	0	ＮＨＫ総合（三重）
1	0	39936	0	ＮＨＫ総合（岐阜）
1	0	40960	0	ＮＨＫ総合（大阪）
7	0	41008	0	テレビ大阪（大阪）
1	0	41984	0	ＮＨＫ総合（京都）
14	0	42032	0	京都放送（京都）
1	0	43008	0	ＮＨＫ総合（兵庫）
13	0	43056	0	サンテレビジョン（兵庫）
1	0	44032	0	ＮＨＫ総合（和歌山）
1	0	45056	0	ＮＨＫ総合（奈良）
1	0	46080	0	ＮＨＫ総合（滋賀）
1	0	47104	0	ＮＨＫ総合（広島）
2	0	47112	0	ＮＨＫ教育（広島）
6	0	47120	0	中国放送（広島）
4	0	47128	0	広島テレビ放送（広島）
5	0	47136	0	広島ホームテレビ（広島）
8	0	47144	0	テレビ新広島（広島）
1	0	48128	0	ＮＨＫ総合（岡山）
2	0	48136	0	ＮＨＫ教育（岡山）
1	0	49152	0	ＮＨＫ総合（島根）
2	0	49160	0	ＮＨＫ教育（島根）
1	0	50176	0	ＮＨＫ総合（鳥取）
2	0	50184	0	ＮＨＫ教育（鳥取）
1	0	51200	0	ＮＨＫ総合（山口）
2	0	51208	0	ＮＨＫ教育（山口）
4	0	51216	0	山口放送（山口）
6	0	51224	0	テレビ山口（山口）
5	0	51232	0	山口朝日放送（山口）
1	0	52224	0	ＮＨＫ総合（愛媛）
2	0	52232	0	ＮＨＫ教育（愛媛）
4	0	52240	0	南海放送（愛媛）
5	0	52248	0	愛媛朝日テレビ（愛媛）
6	0	52256	0	あいテレビ（愛媛）
8	0	52264	0	愛媛放送（愛媛）
1	0	53248	0	ＮＨＫ総合（香川）
2	0	53256	0	ＮＨＫ教育（香川）
1	0	54272	0	ＮＨＫ総合（徳島）
2	0	54280	0	ＮＨＫ教育（徳島）
4	0	54288	0	四国放送（徳島）
1	0	55296	0	ＮＨＫ総合（高知）
2	0	55304	0	ＮＨＫ教育（高知）
4	0	55312	0	高知放送（高知）
6	0	55320	0	テレビ高知（高知）
8	0	55328	0	高知さんさんテレビ（高知）
1	0	56320	0	ＮＨＫ総合（福岡）
1	0	56832	0	ＮＨＫ総合（県複）（福岡）
2	0	56328	0	ＮＨＫ教育（福岡）
2	0	56840	0	ＮＨＫ教育（県複）（福岡）
5	0	56336	0	九州朝日放送（福岡）
6	0	56344	0	アール・ケー・ビー毎日放送（福岡）
4	0	56352	0	福岡放送（福岡）
7	0	56360	0	ティー・ヴィ－・キュー九州放送（福岡）
8	0	56368	0	テレビ西日本（福岡）
1	0	57344	0	ＮＨＫ総合（熊本）
2	0	57352	0	ＮＨＫ教育（熊本）
6	0	57360	0	熊本放送（熊本）
8	0	57368	0	テレビ熊本（熊本）
4	0	57376	0	熊本県民テレビ（熊本）
5	0	57384	0	熊本朝日放送（熊本）
1	0	58368	0	ＮＨＫ総合（長崎）
2	0	58376	0	ＮＨＫ教育（長崎）
6	0	58384	0	長崎放送（長崎）
8	0	58392	0	テレビ長崎（長崎）
5	0	58400	0	長崎文化放送（長崎）
4	0	58408	0	長崎国際テレビ（長崎）
1	0	59392	0	ＮＨＫ総合（鹿児島）
2	0	59400	0	ＮＨＫ教育（鹿児島）
6	0	59408	0	南日本放送（鹿児島）
8	0	59416	0	鹿児島テレビ放送（鹿児島）
5	0	59424	0	鹿児島放送（鹿児島）
4	0	59432	0	鹿児島讀賣テレビ（鹿児島）
1	0	60416	0	ＮＨＫ総合（宮崎）
2	0	60424	0	ＮＨＫ教育（宮崎）
6	0	60432	0	MRT宮崎放送（宮崎）
8	0	60440	0	UMKテレビ宮崎（宮崎）
1	0	61440	0	ＮＨＫ総合（大分）
2	0	61448	0	ＮＨＫ教育（大分）
6	0	61456	0	大分放送（大分）
4	0	61464	0	テレビ大分（大分）
5	0	61472	0	大分朝日放送（大分）
1	0	62464	0	ＮＨＫ総合（佐賀）
2	0	62472	0	ＮＨＫ教育（佐賀）
8	0	62480	0	サガテレビ（佐賀）
1	0	63488	0	ＮＨＫ総合（沖縄）
2	0	63496	0	ＮＨＫ教育（沖縄）
6	0	63504	0	琉球放送（沖縄）
5	0	63520	0	琉球朝日放送（沖縄）
8	0	63544	0	沖縄テレビ放送（沖縄）
101	0	257	0	ＮＨＫ　ＢＳ（*）
101	0	258	0	ＮＨＫ　ＢＳ（*）
103	0	259	0	ＮＨＫＢＳプレミアム（*）
103	0	260	0	ＮＨＫＢＳプレミアム（*）
141	0	321	0	ＢＳ日テレ（*）
141	0	322	0	ＢＳ日テレ（*）
141	0	323	0	ＢＳ日テレ（*）
151	0	337	0	ＢＳ朝日１（*）
151	0	338	0	ＢＳ朝日２（*）
151	0	339	0	ＢＳ朝日３（*）
161	0	353	0	ＢＳ－ＴＢＳ（*）
161	0	354	0	ＢＳ－ＴＢＳ（*）
161	0	355	0	ＢＳ－ＴＢＳ（*）
171	0	369	0	ＢＳテレ東（*）
171	0	370	0	ＢＳテレ東２（*）
171	0	371	0	ＢＳテレ東３（*）
181	0	385	0	ＢＳフジ・１８１（*）
181	0	386	0	ＢＳフジ・１８２（*）
181	0	387	0	ＢＳフジ・１８３（*）
191	0	401	0	ＷＯＷＯＷプライム（*）
192	0	402	0	ＷＯＷＯＷライブ（*）
193	0	403	0	ＷＯＷＯＷシネマ（*）
200	0	512	0	ＢＳ１０（*）
201	0	513	0	ＢＳ１０スターチャンネル（*）
202	0	514	0	スターチャンネル３（*）
211	0	529	0	ＢＳ１１イレブン（*）
222	0	546	0	ＢＳ１２トゥエルビ（*）
231	0	561	0	放送大学ｅｘ（*）
231	0	562	0	放送大学ｏｎ（*）
234	0	564	0	グリーンチャンネル（*）
236	0	566	0	ＢＳアニマックス（*）
238	0	568	0	ＦＯＸスポーツエンタ（*）
241	0	577	0	ＢＳスカパー！（*）
242	0	578	0	Ｊ　ＳＰＯＲＴＳ　１（*）
243	0	579	0	Ｊ　ＳＰＯＲＴＳ　２（*）
244	0	580	0	Ｊ　ＳＰＯＲＴＳ　３（*）
245	0	581	0	Ｊ　ＳＰＯＲＴＳ　４（*）
251	0	593	0	ＢＳ釣りビジョン（*）
252	0	594	0	ＷＯＷＯＷプラス（*）
255	0	597	0	日本映画専門ｃｈ（*）
256	0	598	0	ディズニーｃｈ（*）
258	0	600	0	ディーライフ（*）
260	0	608	0	ＢＳ松竹東急（*）
263	0	611	0	ＢＳＪａｐａｎｅｘｔ（*）
265	0	613	0	ＢＳよしもと（*）
910	0	2320	0	ＷＮＩ・９１０（*）
333	0	819	0	ＡＴ－Ｘ（*）
